[Frequency]
MHz:	400

[UnaryRate]
IREG:	0.00031786426999999996,	0.0061949,	0.0312627,	2.7904961e-05,	0.0006900362000000001,	0.0038575,	
WREG:	0.000176418486,	0.004588,	0.029941299999999997,	
MUL:	0.0012827465620000001,	0.0239646,	0.1231806,	0.00015927413799999998,	0.0049497,	0.029493600000000002,	
ACC:	0.000863076836,	0.0162047,	0.0607783,	

[UnaryTemporal]
IREG:	0.00031786426999999996,	0.0061949,	0.0312627,	2.7904961e-05,	0.0006900362000000001,	0.0038575,	
WREG:	0.000176418486,	0.004588,	0.029941299999999997,	
MUL:	0.000938944128,	0.0174314,	0.08916070000000001,	0.00015927413799999998,	0.0049497,	0.029493600000000002,	
ACC:	0.000863076836,	0.0162047,	0.0607783,	

[BinarySerial]
IREG:	0.000176418486,	0.004588,	0.029941299999999997,	0.000176418486,	0.004588,	0.029941299999999997,	
WREG:	0.000176418486,	0.004588,	0.029941299999999997,	
MUL:	0.00017204938899999998,	0.0032435,	0.011559799999999999,	0.000154782093,	0.0029962,	0.010794600000000001,	
ACC:	0.001419449243,	0.0224712,	0.08774720000000001,	

[BinaryParallel]
IREG:	0.000176418486,	0.004588,	0.029941299999999997,	0.000176418486,	0.004588,	0.029941299999999997,	
WREG:	0.000176418486,	0.004588,	0.029941299999999997,	
MUL:	0.002294932393,	0.0417163,	0.5006240000000001,	0.002294932393,	0.0417163,	0.5006240000000001,	
ACC:	0.001026040105,	0.0209874,	0.0814414,	

