[Frequency]
MHz:	400

[UnaryRate]
IREG:	0.00031786426999999996,	0.0061949,	0.0312627,	1.4927002e-05,	0.0003794108,	0.001935,	
WREG:	0.00031786426999999996,	0.0061949,	0.0312627,	
MUL:	0.001279624473,	0.023932099999999998,	0.12306059999999999,	0.000641770347,	0.0116648,	0.0590747,	
ACC:	0.001187135512,	0.0207768,	0.0757416,	

[UnaryTemporal]
IREG:	0.00031786426999999996,	0.0061949,	0.0312627,	1.4927002e-05,	0.0003794108,	0.001935,	
WREG:	0.00031786426999999996,	0.0061949,	0.0312627,	
MUL:	0.0009364105429999999,	0.0174316,	0.0891052,	0.000641770347,	0.0116648,	0.0590747,	
ACC:	0.001187135512,	0.0207768,	0.0757416,	

[BinarySerial]
IREG:	0.000176418486,	0.004588,	0.029941299999999997,	0.000176418486,	0.004588,	0.029941299999999997,	
WREG:	0.000176418486,	0.004588,	0.029941299999999997,	
MUL:	0.000811198616,	0.0122096,	0.0360749,	0.000811198616,	0.0122096,	0.0360749,	
ACC:	0.001231376356,	0.0221558,	0.0889032,	

[BinaryParallel]
IREG:	0.000176418486,	0.004588,	0.029941299999999997,	0.000176418486,	0.004588,	0.029941299999999997,	
WREG:	0.000176418486,	0.004588,	0.029941299999999997,	
MUL:	0.002294932393,	0.0417163,	0.5006240000000001,	0.002294932393,	0.0417163,	0.5006240000000001,	
ACC:	0.001026040105,	0.0209874,	0.0814414,	

