[Frequency]
MHz:	400

[UnaryRate]
IREG:	0.00031786426999999996,	0.0061949,	0.0312627,	2.7904961e-05,	0.0006900362000000001,	0.0038575,	
WREG:	0.000176418486,	0.004588,	0.029941299999999997,	
MUL:	0.001279624473,	0.023932099999999998,	0.12306059999999999,	0.00015927413799999998,	0.0049497,	0.029493600000000002,	
ACC:	0.000863076836,	0.0162047,	0.0607783,	

[UnaryTemporal]
IREG:	0.00031786426999999996,	0.0061949,	0.0312627,	2.7904961e-05,	0.0006900362000000001,	0.0038575,	
WREG:	0.000176418486,	0.004588,	0.029941299999999997,	
MUL:	0.0009364105429999999,	0.0174316,	0.0891052,	0.00015927413799999998,	0.0049497,	0.029493600000000002,	
ACC:	0.000863076836,	0.0162047,	0.0607783,	

[BinarySerial]
IREG:	0.000176418486,	0.004588,	0.029941299999999997,	0.000176418486,	0.004588,	0.029941299999999997,	
WREG:	0.000176418486,	0.004588,	0.029941299999999997,	
MUL:	0.00016420571,	0.0031593,	0.0136482,	0.00016420571,	0.0031593,	0.0136482,	
ACC:	0.001419449243,	0.0224712,	0.08774720000000001,	

[BinaryParallel]
IREG:	0.000176418486,	0.004588,	0.029941299999999997,	0.000176418486,	0.004588,	0.029941299999999997,	
WREG:	0.000176418486,	0.004588,	0.029941299999999997,	
MUL:	0.002294932393,	0.0417163,	0.5006240000000001,	0.002294932393,	0.0417163,	0.5006240000000001,	
ACC:	0.001026040105,	0.0209874,	0.0814414,	

