[UnaryRate]
Area:	0.44202955240534036,	-0.2758360162893558,	0.7011143374888765,	1.1232595888263666,	1.153752331320521,	
Leakage:	0.06837462478289286,	-0.053307366078296156,	0.9733995624983821,	1.029896648231087,	0.9915166275895523,	
Dynamic:	0.05514489748316582,	-0.05875951044579616,	0.9171925960071035,	1.019737896720915,	1.0412337481774503,	

[UnaryTemporal]
Area:	0.4374609235155902,	-0.268991100655293,	0.6890229557337716,	1.0992813063073381,	1.153752331320521,	
Leakage:	-0.05584814415570094,	0.07217019880504615,	0.9469538445674672,	1.0156982372408205,	0.9915166275895523,	
Dynamic:	0.05551803510102839,	-0.058354896289419235,	0.9142236776163915,	1.0237474128907895,	1.0412337481774503,	

[BinarySerial]
Area:	0.33945303464982596,	-0.19710190848490775,	0.7275632162923215,	1.0722325825392849,	1.0618673788080375,	
Leakage:	-0.062414197207831736,	0.048405502549582057,	0.9492510114125616,	1.1079972600148464,	1.0582015622023242,	
Dynamic:	-0.021280480783737468,	0.017382090166226855,	0.8954355219138926,	1.0305641825847922,	1.0048022905562526,	

[BinaryParallel]
Area:	0.2522578689853214,	-0.19990694070959947,	0.7570864671607496,	2.409408799308256,	2.409408799308256,	
Leakage:	0.051279689736935766,	-0.08648148314124032,	0.8622363665336097,	2.086621118340783,	2.086621118340783,	
Dynamic:	-0.03540211048815038,	-0.009293419619303713,	0.930769885128963,	0.2992898178668677,	0.2992898178668677,	

