[Frequency]
MHz:	400

[UnaryRate]
IREG:	0.00010407600100000001,	1.32486e-05,	0.0285216,	1.12896e-05,	1.5268e-06,	0.0035853,	
WREG:	0.00010407600100000001,	1.32486e-05,	0.0285216,	
MUL:	0.000280828802,	2.61598e-05,	0.0843378,	0.000147823201,	1.35516e-05,	0.0422007,	
ACC:	0.000672084,	8.033400000000001e-05,	0.128781,	

[UnaryTemporal]
IREG:	0.00010407600100000001,	1.32486e-05,	0.0285216,	1.12896e-05,	1.5268e-06,	0.0035853,	
WREG:	0.00010407600100000001,	1.32486e-05,	0.0285216,	
MUL:	0.00020233080100000002,	1.76817e-05,	0.0596712,	0.000147823201,	1.35516e-05,	0.0422007,	
ACC:	0.000672084,	8.033400000000001e-05,	0.128781,	

[BinarySerial]
IREG:	8.8199999e-05,	1.11193e-05,	0.026383800000000002,	8.8199999e-05,	1.11193e-05,	0.026383800000000002,	
WREG:	8.8199999e-05,	1.11193e-05,	0.026383800000000002,	
MUL:	0.0001938636,	2.87905e-05,	0.1188053,	0.0001938636,	2.87905e-05,	0.1188053,	
ACC:	0.0006622056,	8.06675e-05,	0.1820964,	

[BinaryParallel]
IREG:	8.8199999e-05,	1.11193e-05,	0.026383800000000002,	8.8199999e-05,	1.11193e-05,	0.026383800000000002,	
WREG:	8.8199999e-05,	1.11193e-05,	0.026383800000000002,	
MUL:	0.00038807999699999997,	5.4293e-05,	0.5440493000000001,	0.00038807999699999997,	5.4293e-05,	0.5440493000000001,	
ACC:	0.0005410187979999999,	7.33434e-05,	0.1642797,	

