[Frequency]
MHz:	400

[UnaryRate]
IREG:	9.6843601e-05,	0.0012060999999999999,	0.0202254,	8.6436e-06,	0.0001150313,	0.0023638,	
WREG:	9.6843601e-05,	0.0012060999999999999,	0.0202254,	
MUL:	0.00033463080300000003,	0.0036368,	0.0599185,	0.000170578801,	0.001742,	0.029336200000000003,	
ACC:	0.000479807999,	0.006045099999999999,	0.0814023,	

[UnaryTemporal]
IREG:	9.6843601e-05,	0.0012060999999999999,	0.0202254,	8.6436e-06,	0.0001150313,	0.0023638,	
WREG:	9.6843601e-05,	0.0012060999999999999,	0.0202254,	
MUL:	0.00023919840199999998,	0.0025259,	0.0423785,	0.000170578801,	0.001742,	0.029336200000000003,	
ACC:	0.000479807999,	0.006045099999999999,	0.0814023,	

[BinarySerial]
IREG:	7.691040099999999e-05,	0.0008878171999999999,	0.0188002,	7.691040099999999e-05,	0.0008878171999999999,	0.0188002,	
WREG:	7.691040099999999e-05,	0.0008878171999999999,	0.0188002,	
MUL:	0.000139355999,	0.0022364999999999998,	0.07258020000000001,	0.000139355999,	0.0022364999999999998,	0.07258020000000001,	
ACC:	0.00047645639899999997,	0.0060834999999999995,	0.1113813,	

[BinaryParallel]
IREG:	7.691040099999999e-05,	0.0008878171999999999,	0.0188002,	7.691040099999999e-05,	0.0008878171999999999,	0.0188002,	
WREG:	7.691040099999999e-05,	0.0008878171999999999,	0.0188002,	
MUL:	0.00034556759699999997,	0.004945000000000001,	0.3296293,	0.00034556759699999997,	0.004945000000000001,	0.3296293,	
ACC:	0.00044258759800000003,	0.0058071,	0.1048704,	

