[Frequency]
MHz:	400

[UnaryRate]
IREG:	0.000136852956,	0.0029769,	0.0157151,	1.4927002e-05,	0.0003794108,	0.001935,	
WREG:	0.000136852956,	0.0029769,	0.0157151,	
MUL:	0.00058846221,	0.0121866,	0.0638176,	0.000296100387,	0.0060823,	0.0308709,	
ACC:	0.001187135512,	0.0207768,	0.0757416,	

[UnaryTemporal]
IREG:	0.000136852956,	0.0029769,	0.0157151,	1.4927002e-05,	0.0003794108,	0.001935,	
WREG:	0.000136852956,	0.0029769,	0.0157151,	
MUL:	0.000423753572,	0.0086104,	0.0445396,	0.000296100387,	0.0060823,	0.0308709,	
ACC:	0.001187135512,	0.0207768,	0.0757416,	

[BinarySerial]
IREG:	8.938351299999999e-05,	0.00232,	0.0149707,	8.938351299999999e-05,	0.00232,	0.0149707,	
WREG:	8.938351299999999e-05,	0.00232,	0.0149707,	
MUL:	0.000321632261,	0.0072013,	0.021789799999999998,	0.000321632261,	0.0072013,	0.021789799999999998,	
ACC:	0.001231376356,	0.0221558,	0.0889032,	

[BinaryParallel]
IREG:	8.938351299999999e-05,	0.00232,	0.0149707,	8.938351299999999e-05,	0.00232,	0.0149707,	
WREG:	8.938351299999999e-05,	0.00232,	0.0149707,	
MUL:	0.0005860038029999999,	0.0105869,	0.0885336,	0.0005860038029999999,	0.0105869,	0.0885336,	
ACC:	0.001026040105,	0.0209874,	0.0814414,	

