[UnaryRate]
Area:	0.042852579538111835,	0.05190454675430492,	0.7481282755170954,	1.2640282565881662,	1.3828182415171038,	
Leakage:	-0.1336553861413774,	0.11671983736144825,	0.9864797575579973,	1.121230052757167,	1.1665126382112811,	
Dynamic:	0.04151971852122774,	-0.0403103750285232,	0.9003342182639021,	1.072221369480186,	1.1372973773091055,	

[UnaryTemporal]
Area:	0.23633224909047978,	-0.14275536423082447,	0.7205955218031551,	1.240223003475705,	1.3828182415171038,	
Leakage:	-0.01617911906925167,	0.002160146121111009,	0.9495536711151791,	1.1095069669648268,	1.1665126382112811,	
Dynamic:	0.031132901970167322,	-0.02971099993887702,	0.8991477581806568,	1.074070336545739,	1.1372973773091055,	

[BinarySerial]
Area:	0.1623848393010096,	-0.01486635275202435,	0.6402234609715689,	1.0294642360597053,	1.0777226661565233,	
Leakage:	-0.017978195228673863,	0.010787941860401405,	0.9199534538669537,	1.0234770980420849,	1.0617323363170152,	
Dynamic:	-0.015293420493969178,	0.0154224564706988,	0.8767976103312453,	1.0560743193380997,	1.050885759966585,	

[BinaryParallel]
Area:	0.17740465818062884,	-0.0800534726648356,	0.6274171538665188,	1.68567572058343,	1.68567572058343,	
Leakage:	-0.12033945466216539,	0.10557522316410632,	0.7957329820209492,	1.5946368715083798,	1.5946368715083798,	
Dynamic:	-0.047932281638777656,	0.03191795708708867,	0.9125430495322139,	0.5786533768180052,	0.5786533768180052,	

