[Frequency]
MHz:	400

[UnaryRate]
IREG:	0.000213444001,	2.66104e-05,	0.0615781,	1.12896e-05,	1.5268e-06,	0.0035853,	
WREG:	0.000213444001,	2.66104e-05,	0.0615781,	
MUL:	0.000601876804,	5.60413e-05,	0.15871190000000002,	0.000323694002,	2.91755e-05,	0.0777851,	
ACC:	0.000672084,	8.033400000000001e-05,	0.128781,	

[UnaryTemporal]
IREG:	0.000213444001,	2.66104e-05,	0.0615781,	1.12896e-05,	1.5268e-06,	0.0035853,	
WREG:	0.000213444001,	2.66104e-05,	0.0615781,	
MUL:	0.000441000003,	3.8853900000000004e-05,	0.11707240000000001,	0.000323694002,	2.91755e-05,	0.0777851,	
ACC:	0.000672084,	8.033400000000001e-05,	0.128781,	

[BinarySerial]
IREG:	0.000177811198,	2.239e-05,	0.0540047,	0.000177811198,	2.239e-05,	0.0540047,	
WREG:	0.000177811198,	2.239e-05,	0.0540047,	
MUL:	0.000479455206,	6.537430000000001e-05,	0.2509049,	0.000479455206,	6.537430000000001e-05,	0.2509049,	
ACC:	0.0006622056,	8.06675e-05,	0.1820964,	

[BinaryParallel]
IREG:	0.000177811198,	2.239e-05,	0.0540047,	0.000177811198,	2.239e-05,	0.0540047,	
WREG:	0.000177811198,	2.239e-05,	0.0540047,	
MUL:	0.001471352378,	0.0002057489,	2.0537,	0.001471352378,	0.0002057489,	2.0537,	
ACC:	0.0005410187979999999,	7.33434e-05,	0.1642797,	

