[Frequency]
MHz:	400

[UnaryRate]
IREG:	9.6843601e-05,	0.0012060999999999999,	0.0202254,	1.7992799999999998e-05,	0.00023948910000000002,	0.0047684,	
WREG:	7.691040099999999e-05,	0.0008878171999999999,	0.0188002,	
MUL:	0.00033463080300000003,	0.0036368,	0.0599185,	5.36256e-05,	0.0007670479000000001,	0.0217505,	
ACC:	0.00021873599799999998,	0.0031869999999999997,	0.0506376,	

[UnaryTemporal]
IREG:	9.6843601e-05,	0.0012060999999999999,	0.0202254,	1.7992799999999998e-05,	0.00023948910000000002,	0.0047684,	
WREG:	7.691040099999999e-05,	0.0008878171999999999,	0.0188002,	
MUL:	0.00023919840199999998,	0.0025259,	0.0423785,	5.36256e-05,	0.0007670479000000001,	0.0217505,	
ACC:	0.00021873599799999998,	0.0031869999999999997,	0.0506376,	

[BinarySerial]
IREG:	7.691040099999999e-05,	0.0008878171999999999,	0.0188002,	7.691040099999999e-05,	0.0008878171999999999,	0.0188002,	
WREG:	7.691040099999999e-05,	0.0008878171999999999,	0.0188002,	
MUL:	7.21476e-05,	0.0013926000000000001,	0.053629600000000006,	7.21476e-05,	0.0013926000000000001,	0.053629600000000006,	
ACC:	0.000382964397,	0.0049627,	0.0873056,	

[BinaryParallel]
IREG:	7.691040099999999e-05,	0.0008878171999999999,	0.0188002,	7.691040099999999e-05,	0.0008878171999999999,	0.0188002,	
WREG:	7.691040099999999e-05,	0.0008878171999999999,	0.0188002,	
MUL:	0.00034556759699999997,	0.004945000000000001,	0.3296293,	0.00034556759699999997,	0.004945000000000001,	0.3296293,	
ACC:	0.000331808398,	0.0043504,	0.07904359999999999,	

