[Frequency]
MHz:	400

[UnaryRate]
IREG:	0.00019897920199999999,	0.0025215999999999997,	0.0413851,	1.7992799999999998e-05,	0.00023948910000000002,	0.0047684,	
WREG:	0.000151704001,	0.0017427,	0.037986,	
MUL:	0.000717595207,	0.0080024,	0.1102156,	0.000112896,	0.0016301000000000002,	0.0434275,	
ACC:	0.00032810399699999997,	0.004816,	0.0772801,	

[UnaryTemporal]
IREG:	0.00019897920199999999,	0.0025215999999999997,	0.0413851,	1.7992799999999998e-05,	0.00023948910000000002,	0.0047684,	
WREG:	0.000151704001,	0.0017427,	0.037986,	
MUL:	0.000518792405,	0.0055774,	0.082611,	0.000112896,	0.0016301000000000002,	0.0434275,	
ACC:	0.00032810399699999997,	0.004816,	0.0772801,	

[BinarySerial]
IREG:	0.000151704001,	0.0017427,	0.037986,	0.000151704001,	0.0017427,	0.037986,	
WREG:	0.000151704001,	0.0017427,	0.037986,	
MUL:	0.000127713599,	0.0024935,	0.1031749,	0.000127713599,	0.0024935,	0.1031749,	
ACC:	0.000512794796,	0.006656100000000001,	0.1160803,	

[BinaryParallel]
IREG:	0.000151704001,	0.0017427,	0.037986,	0.000151704001,	0.0017427,	0.037986,	
WREG:	0.000151704001,	0.0017427,	0.037986,	
MUL:	0.001352282378,	0.019669,	1.2477,	0.001352282378,	0.019669,	1.2477,	
ACC:	0.00044258759800000003,	0.0058071,	0.1048704,	

