[Frequency]
MHz:	400

[UnaryRate]
IREG:	0.00019897920199999999,	0.0025215999999999997,	0.0413851,	8.6436e-06,	0.0001150313,	0.0023638,	
WREG:	0.00019897920199999999,	0.0025215999999999997,	0.0413851,	
MUL:	0.000717595207,	0.0080024,	0.1102156,	0.00037890720800000003,	0.004043,	0.0553104,	
ACC:	0.000479807999,	0.006045099999999999,	0.0814023,	

[UnaryTemporal]
IREG:	0.00019897920199999999,	0.0025215999999999997,	0.0413851,	8.6436e-06,	0.0001150313,	0.0023638,	
WREG:	0.00019897920199999999,	0.0025215999999999997,	0.0413851,	
MUL:	0.000518792405,	0.0055774,	0.082611,	0.00037890720800000003,	0.004043,	0.0553104,	
ACC:	0.000479807999,	0.006045099999999999,	0.0814023,	

[BinarySerial]
IREG:	0.000151704001,	0.0017427,	0.037986,	0.000151704001,	0.0017427,	0.037986,	
WREG:	0.000151704001,	0.0017427,	0.037986,	
MUL:	0.00027377279700000005,	0.00447,	0.14063319999999999,	0.00027377279700000005,	0.00447,	0.14063319999999999,	
ACC:	0.00047645639899999997,	0.0060834999999999995,	0.1113813,	

[BinaryParallel]
IREG:	0.000151704001,	0.0017427,	0.037986,	0.000151704001,	0.0017427,	0.037986,	
WREG:	0.000151704001,	0.0017427,	0.037986,	
MUL:	0.001352282378,	0.019665400000000003,	1.2477,	0.001352282378,	0.019669,	1.2477,	
ACC:	0.00044258759800000003,	0.0058071,	0.1048704,	

